57
1.000000000
0.971627952
0.944060876
0.917275935
0.891250938
0.865964323
0.841395142
0.817523038
0.794328235
0.771791516
0.749894209
0.728618175
0.707945784
0.687859912
0.668343918
0.649381632
0.630957344
0.613055792
0.595662144
0.578761988
0.562341325
0.546386550
0.530884444
0.515822165
0.501187234
0.486967525
0.473151259
0.459726989
0.446683592
0.434010264
0.421696503
0.409732110
0.398107171
0.386812055
0.375837404
0.365174127
0.354813389
0.344746607
0.334965439
0.325461783
0.316227766
0.307255737
0.298538262
0.290068120
0.281838293
0.273841963
0.266072506
0.258523484
0.251188643
0.244061907
0.237137371
0.230409298
0.223872114
0.217520403
0.211348904
0.205352503
0.199526231

