100
19.952623150
18.478497974
17.113283042
15.848931925
14.677992676
13.593563909
12.589254118
11.659144012
10.797751623
10.000000000
9.261187281
8.576958986
7.943282347
7.356422545
6.812920691
6.309573445
5.843414134
5.411695265
5.011872336
4.641588834
4.298662347
3.981071706
3.686945065
3.414548874
3.162277660
2.928644565
2.712272579
2.511886432
2.326305067
2.154434690
1.995262315
1.847849797
1.711328304
1.584893192
1.467799268
1.359356391
1.258925412
1.165914401
1.079775162
1.000000000
0.926118728
0.857695899
0.794328235
0.735642254
0.681292069
0.630957344
0.584341413
0.541169527
0.501187234
0.464158883
0.429866235
0.398107171
0.368694506
0.341454887
0.316227766
0.292864456
0.271227258
0.251188643
0.232630507
0.215443469
0.199526231
0.184784980
0.171132830
0.158489319
0.146779927
0.135935639
0.125892541
0.116591440
0.107977516
0.100000000
0.092611873
0.085769590
0.079432823
0.073564225
0.068129207
0.063095734
0.058434141
0.054116953
0.050118723
0.046415888
0.042986623
0.039810717
0.036869451
0.034145489
0.031622777
0.029286446
0.027122726
0.025118864
0.023263051
0.021544347
0.019952623
0.018478498
0.017113283
0.015848932
0.014677993
0.013593564
0.012589254
0.011659144
0.010797752
0.010000000

