70
19.95262315
18.47849797
17.11328304
15.84893192
14.67799268
13.59356391
12.58925412
11.65914401
10.79775162
10.00000000
9.26118728
8.57695899
7.94328235
7.35642254
6.81292069
6.30957344
5.84341413
5.41169527
5.01187234
4.64158883
4.29866235
3.98107171
3.68694506
3.41454887
3.16227766
2.92864456
2.71227258
2.51188643
2.32630507
2.15443469
1.99526231
1.84784980
1.71132830
1.58489319
1.46779927
1.35935639
1.25892541
1.16591440
1.07977516
1.00000000
0.92611873
0.85769590
0.79432823
0.73564225
0.68129207
0.63095734
0.58434141
0.54116953
0.50118723
0.46415888
0.42986623
0.39810717
0.36869451
0.34145489
0.31622777
0.29286446
0.27122726
0.25118864
0.23263051
0.21544347
0.19952623
0.18478498
0.17113283
0.15848932
0.14677993
0.13593564
0.12589254
0.11659144
0.10797752
0.10000000
